18.939153	-99.2407435
18.6243889	-99.3204167
18.8418571	-99.1826587
18.926167	-99.2147263
18.815669	-98.955122
18.8126742	-98.9554088
18.8411193	-99.1831954
18.8553144	-99.2284316
18.924312	-99.218475
18.8862712	-99.0603011
18.882623	-99.181185
18.771733	-99.352277
18.835645	-99.239263
19.00865	-98.997563
18.925703	-99.2379949
18.8822839	-99.1776599
18.8822889	-99.1776747
18.8505791	-98.9507707
18.9210853	-99.2353137
18.8413652	-99.1834707
18.8819496	-98.8651662
18.876764	-98.77762
18.91524	-99.206317
18.911139	-99.169899
18.9225	-99.2352459
18.6137807	-99.1842238
18.6139391	-99.1842002
18.4863206	-99.2749595
18.7836382	-99.2290391
18.9143238	-99.172127
18.9221136	-99.234964
18.9319429	-99.2325406
18.6793693	-98.8040014
18.7837958	-99.2296396
18.7838226	-99.2297396
18.9221239	-99.2348907
18.7671331	-98.9817401
18.8832789	-99.0707921
18.61563	-99.1816
18.5022827	-98.7541646
18.7923224	-98.9626777
18.7610928	-98.9859374
18.9558487	-98.9838403
18.987887	-98.9212016
18.877959	-98.7758611
18.8405876	-99.182973
18.8943312	-98.7298362
18.9012926	-99.1678963
18.8749815	-98.9174141
18.8400853	-98.9365359
18.8064757	-98.9410577
18.6551407	-99.1930554
18.9073329	-99.1823377
18.8904801	-99.0609197
18.6145701	-99.1781447
18.9155534	-99.236687
18.6879396	-99.2485113
18.8231336	-98.9422735
18.6982517	-99.1803791
18.6538985	-99.2664528
18.6741653	-99.1837595
18.8667972	-98.9253816
18.7822672	-99.2023848
18.6073686	-99.1848974
18.5793734	-99.1801904
18.681401	-99.1862938
18.5982127	-99.1866694
18.762587	-99.1198197
18.7309597	-98.9558864
18.6153065	-99.3451395
18.8796861	-98.8485489
18.7311144	-98.9612561
18.8592917	-98.933721
18.866748	-99.209635
18.8849891	-98.9709941
18.7782219	-98.9850498
18.8855673	-98.981445
18.6719195	-99.1872727
18.8695727	-98.9294877
18.6646526	-99.2020827
18.6717308	-99.1884633
18.8516715	-98.9404454
18.6005492	-99.3688735
18.7164554	-98.7814201
18.9181392	-99.1664393
18.5593678	-99.2703245
18.7697754	-99.3597336
18.7722362	-98.7781695
18.8413085	-99.1833784
18.8841927	-98.868576
18.845264	-99.223793
19.0074507	-98.9972705
18.882269	-99.1776155
18.8411839	-99.1831755
18.8436271	-99.2242637
18.919327	-99.22683
18.919327	-99.22683
18.74743618	-99.24374622
18.7825085	-99.2306113
18.6555153	-99.1951054
18.744042	-99.434807
18.841049	-99.183243
18.744042	-99.434807
18.6546627	-99.1918866
18.9179679	-99.2328829
18.744042	-99.434807
18.744042	-99.434807
18.86916667	-98.729962
18.683165	-99.118303
18.8181097	-98.953265
18.744042	-99.434807
18.744042	-99.434807
18.744042	-99.434807
18.744042	-99.434807
18.744042	-99.434807
18.9569998	-99.2335206
18.829913	-99.259284
18.6019	-99.3687
18.505117	-98.763339
18.7673	-98.9836
18.6228	-98.9956
18.728712	-98.957692
18.849018	-98.938363
18.8076	-98.935712
18.9518	-99.228698
18.7156	-98.7786
18.911102	-99.169956
18.8802	-99.1997
18.6805	-98.8033
18.617664	-99.32226
18.8445	-99.2361
18.594955	-98.844424
18.7291	-99.3976
18.893579	-98.729962
18.956615	-98.983087
18.905644	-98.972235
18.8866	-99.0691
18.879908	-98.863893
18.807061	-98.93845
18.941681	-99.227545
18.947556	-99.2278
18.966747	-99.245389
18.942847	-99.215242
18.644286	-99.207417
18.5054234	-98.7638647
18.6129385	-99.1802239
18.7430868	-99.4304433
18.8694391	-99.079803
18.936799	-99.224963
18.963849	-99.239129
18.9200262	-99.2100662
18.8412179	-99.1832309
18.9604023	-99.2329656
18.812778	-98.9557151
18.744042	-99.434807
18.9215016	-99.235167
18.812785	-98.9553028
18.8452683	-99.2238816
18.921739	-99.235215
18.936705	-99.224897
18.9221607	-99.2346268
18.900388	-99.231191
18.921488	-99.241643
18.917901	-99.233351
18.923598	-99.183802
18.9220972	-99.2350813
18.922272	-99.234525
18.936466	-99.233929
18.922528	-99.236637
18.922272	-99.234525
18.922272	-99.234525
18.622374	-99.183361
18.9091659	-99.2334406
18.8801966	-99.1777516
18.841172	-99.1831598
18.8803322	-99.1668142
18.8836887	-99.123087
18.950739	-99.217649
18.502503	-98.753987
18.80821	-98.953945
18.911226	-99.20357
18.9723542	-99.2477295
18.9212563	-99.2329799
18.922994	-99.237018
18.938876	-99.224195
18.9220663	-99.233338
18.922225	-99.246745
18.922421	-99.225884
18.954261	-99.256082
18.928731	-99.243469
18.971171	-99.236978
18.94775	-99.185254
18.980994	-99.186228
18.896939	-99.229086
18.92516	-99.184203
18.977963	-99.230533
18.916511	-99.197748
18.9278376	-99.1891882
18.950225	-99.2254555
18.9736453	-99.244506
18.925489	-99.248986
18.920455	-99.184769
18.907324	-99.244327
18.949081	-99.193553
18.601494	-99.369114
18.610131	-99.426072
18.574036	-99.368947
18.615094	-99.345861
18.580067	-98.743275
18.506147	-98.705694
18.505931	-98.762308
18.540158	-98.729008
18.522522	-98.79025
18.622808	-98.998603
18.718781	-98.901814
18.742072	-99.429119
18.810456	-98.953203
18.9221361	-99.2348027
18.936965	-99.223026
18.930578	-99.252714
18.928919	-99.198156
18.919592	-99.183072
18.907294	-99.244367
18.689097	-98.774667
18.715722	-98.777831
18.618336	-98.750953
18.884716	-99.125905
18.560186	-99.267722
18.579128	-99.179947
18.611528	-98.769431
18.691714	-98.802797
18.664172	-99.373078
18.733669	-99.332428
18.680403	-99.308864
18.621506	-99.317919
18.487197	-99.272964
18.651597	-99.266008
18.867597	-99.251425
18.753364	-98.775367
18.594631	-98.844367
18.523844	-98.831281
18.637861	-98.959694
18.653081	-98.832519
18.931822	-99.040267
18.975981	-99.037217
18.735267	-99.4145
18.732944	-99.386783
18.723056	-99.400747
18.885189	-98.690828
18.762244	-99.119014
18.781406	-99.209375
18.783833	-99.229722
18.783956	-99.200147
18.74365	-99.226472
18.795814	-99.22965
18.906058	-98.969811
18.889722	-99.124481
18.949744	-98.826233
18.639228	-99.206556
18.665119	-99.202997
18.788447	-98.766581
18.817731	-98.751511
18.92991447	-99.21924336
18.920894	-99.235634
18.921184	-99.235504
18.909415	-99.228665
18.908282	-99.230658
18.941961	-99.227313
18.934964	-99.236041
18.919107	-99.209922
18.914129	-99.208587
18.895832	-99.157764
18.88462901	-99.12582005
18.9172472	-99.2366964
18.872017	-99.0659897
18.776809	-98.986492
18.6221505	-98.9966535
18.8164225	-98.9533785
18.922134	-99.235302
18.9217644	-99.2318727
18.921123	-99.235576
18.9204881	-99.2383385
18.916667	-99.237396
18.922134	-99.235302
18.921797	-99.2318066
18.715109	-98.776421
18.688432	-99.1186902
18.821834	-98.949098
18.969978	-99.238506
18.61111111	-99.25972222
18.73615118	-99.26176087
18.9699584	-99.245112
18.9221587	-99.2346415
18.8828365	-99.1753464
18.845264	-99.223793
18.807676	-98.952956
18.958428	-99.239221
18.947613	-99.19878
18.923145	-99.185649
18.841938	-99.215811
18.835639	-99.239698
18.835737	-99.239711
18.9516278	-99.2332587
18.9394681	-99.238486
18.766766	-99.463152
18.845386	-98.939001
18.8667	-98.925662
18.835401	-98.953609
18.80668	-98.925833
18.963305	-99.249318
18.921181	-99.182642
18.899337	-99.172215
18.619295	-99.190612
18.615921	-99.326496
18.518484	-99.145261
18.907	-98.969
18.913807	-98.971987
18.916804	-99.235989
18.911056	-99.210479
18.953685	-99.243703
18.842143	-99.18318
18.886044	-99.175276
18.901197	-99.167833
18.915137	-99.164622
18.770388	-99.237496
18.886117	-99.060965
18.8859322	-99.0606652
18.8127474	-98.9553156
18.8129729	-98.955239
18.8842966	-98.8687571
18.845264	-99.223793
18.8409963	-99.1832786
18.882264	-99.1776007
18.812691	-98.9553347
18.6859695	-99.1171653
18.8412746	-99.1833231
18.845264	-99.223793
19.0074537	-98.9973809
18.845264	-99.223793
18.6165755	-99.3241112
18.8130293	-98.9552198
18.8412632	-99.1833047
18.8127286	-98.955322
19.0074522	-98.9973257
18.6159441	-99.1818973
18.8130481	-98.9552134
18.7670742	-98.983223
18.8410139	-99.1832667
18.845264	-99.223793
18.8130105	-98.9552262
18.845264	-99.223793
18.845264	-99.223793
18.8412406	-99.1832678
18.845264	-99.223793
18.845264	-99.223793
18.7289019	-99.3991374
18.812551	-98.9234494
18.830425	-98.949076
18.951763	-99.225888
18.83894	-99.184997
18.880176	-99.167015
18.770388	-99.237496
18.8862712	-99.0603011
18.8085572	-98.9585566
18.855381	-99.2284808
18.921758	-99.237654
18.9187695	-99.2369216
18.925814	-99.238227
18.8823051	-98.8632205
18.9156357	-99.2374111
18.9156237	-99.2376363
18.9156267	-99.23758
18.9156447	-99.2372423
18.9156207	-99.2376926
18.9156477	-99.237186
18.9156116	-99.2378615
18.9156177	-99.2377489
18.9156297	-99.2375237
18.9156387	-99.2373549
18.9156327	-99.2374674
18.9156147	-99.2378052
18.9157467	-99.2323779
18.7711996	-98.7789355
18.8411369	-99.1831836
18.8128038	-98.9552964
18.7152363	-98.7770467
18.8411953	-99.183194
18.845264	-99.223793
18.8841797	-98.8685534
18.6018304	-99.1909483
18.7157717	-98.7788502
18.8860521	-98.6916954
18.8928352	-99.0563418
18.92214043	-99.0291696
18.740379	-99.4294351
18.7671331	-98.9817401
18.6165755	-99.3241112
18.8412859	-99.1833416
18.7440812	-99.4343577
18.6182445	-99.3236178
18.7288429	-99.3973245
18.682997	-99.1181501
18.6293258	-99.1627365
18.8834915	-98.864015
18.7815355	-99.2306998
18.954639	-99.244107
18.911968	-99.234708
18.91562	-99.23606
18.842143	-99.18318
18.881635	-99.177983
18.770388	-99.237496
18.95634643	-99.23124927
18.953965	-99.256374
18.894887	-99.1743323
18.8406268	-99.1850592
18.8262641	-99.2283795
18.9119006	-99.2100083
18.7669995	-98.9829849
18.7611851	-98.9864935
18.9012179	-99.1679053
18.7783581	-98.9850179
18.8052574	-98.9365326
18.7676598	-98.9824259
18.7612159	-98.9866789
18.6547738	-99.193219
18.7612467	-98.9868643
18.8242025	-99.2279255
18.768282	-98.9833085
18.7673792	-98.9826507
18.7611544	-98.9863081
18.8940713	-98.7299014
18.8166263	-98.9541719
18.8351968	-98.945166
18.5793844	-99.1802277
18.6122342	-99.2602247
18.8129541	-98.9552453
18.4883321	-99.2744018
18.7188469	-98.9020093
18.8814158	-98.7804009
18.6182202	-99.3243311
18.744042	-99.434807
18.744042	-99.434807
18.9221443	-99.2347441
18.8129631	-98.9559225
18.744042	-99.434807
18.8129631	-98.9559225
18.8088094	-98.9486842
18.8127157	-98.9555313
18.6165755	-99.3241112
18.744042	-99.434807
18.921188	-99.2352458
18.8129631	-98.9559225
18.6165755	-99.3241112
18.5048415	-98.7541463
18.8328988	-98.9447351
18.8129631	-98.9559225
18.8129631	-98.9559225
18.8874802	-99.0529136
18.7679825	-98.9830055
18.7672283	-98.982423
18.8790151	-98.7745491
18.7611236	-98.9861228
18.7858295	-98.957984
18.8129631	-98.9559225
18.744042	-99.434807
18.93459348	-99.22286978
18.8128852	-98.9537162
18.6555284	-99.1951383
18.9220787	-99.2319099
18.8412292	-99.1832493
18.8842187	-98.8686213
18.8862712	-99.0603011
18.6529854	-99.1934255
18.8828943	-99.1814774
18.5995517	-99.3688727
18.849113	-99.2233259
18.783717	-99.2293394
18.6236842	-99.0000819
18.7262914	-99.3266865
18.7824622	-99.2312539
18.64191196	-99.15524962
18.62202621	-99.15494215
18.64837805	-99.15741898
18.63757105	-99.16316777
18.91694563	-99.2361216
18.96671931	-99.24399076
18.94384028	-99.19957422
18.92857739	-99.19033669
18.91516033	-99.2064514
18.96648848	-99.24474262
18.92642586	-99.25057575
18.91012611	-99.24630903
18.89665681	-99.23004411
18.91820514	-99.18698929
18.93105365	-99.22355317
18.95394712	-99.24325131
18.92955166	-99.23835896
18.92733925	-99.23434637
18.89686997	-99.23333786
18.92940958	-99.23602007
18.7668094	-98.9821912
18.97374662	-99.06973003
18.9663066	-99.07615843
18.8861588	-98.6919579
18.8045651	-99.2021865
18.740072	-99.2272233
18.9144185	-99.2066291
18.7379193	-99.253382
18.6867207	-99.2501009
18.6128276	-99.3296473
18.8131346	-98.9173282
18.8858212	-99.0584501
18.8086076	-98.9485239
18.8711514	-99.0706824
18.7283691	-98.9580693
18.8686788	-99.2100795
18.6833077	-99.117293
18.7220511	-98.7924937
18.7284859	-98.9579981
18.6806214	-98.8032823
18.7826569	-99.2305654
18.9355037	-99.2398243
18.8376297	-99.1829154
18.86359	-99.2024907
18.96818	-99.238536
18.880503	-98.743401
18.890127	-98.861235
18.7682348	-98.9832798
18.8842836	-98.8687345
18.8368061	-99.1870789
18.8822825	-99.0679748
18.886493	-99.0621976
18.9271111	-99.2360938
18.8552811	-99.228407
18.8859322	-99.0606652
18.653098	-99.1939693
18.89348	-99.056054
18.8085262	-98.9538579
18.8791289	-99.0729972
18.6517059	-99.1933672
18.7670369	-98.9831039
18.9187695	-99.2369216
18.8413199	-99.1833969
18.8842446	-98.8686666
18.8842706	-98.8687118
18.921277	-99.232985
18.8818367	-99.1780281
18.8814566	-98.8653847
18.866748	-99.209635
18.6520928	-99.1982149
18.8085067	-98.9484437
18.9707346	-99.2445834
18.899365	-99.230077
18.9673641	-99.2438341
18.68061	-98.8032242
18.9196081	-99.2366577
18.600453	-99.3860099
18.598076	-99.3677384
18.614446	-99.3461931
18.573299	-99.3886329
18.551653	-99.3677671
18.602088	-99.3789557
18.573863	-99.3682436
18.609909	-99.4276141
18.606233	-99.3679278
18.608191	-99.4160794
18.594722	-99.3758331
18.602404	-99.3869457
18.588904	-99.3513032
18.614605	-99.3458933
18.574122	-99.3698802
18.599172	-99.3696581
18.547831	-99.3688381
18.575193	-99.3461764
18.609411	-99.4243551
18.603599	-99.3708985
18.529722	-99.3577781
18.573216	-99.3874364
18.571666	-99.3689981
18.552895	-99.3692579
18.615464	-99.3453364
18.576011	-99.3476268
18.590001	-99.3533331
18.529722	-99.3577781
18.603091	-99.3708061
18.599001	-99.3695171
18.598283	-99.3683453
18.591363	-99.3539034
18.529722	-99.3577781
18.573025	-99.3877792
18.571111	-99.3547222
18.893468	-98.9290498
18.940492	-98.8950973
18.945981	-98.8971401
18.937461	-98.8952691
18.939709	-98.9256319
18.951946	-98.8867965
18.899533	-98.9052091
18.936111	-98.8977781
18.933754	-98.8966965
18.942899	-98.9033196
18.891781	-98.9318541
18.936391	-98.8981512
18.947963	-98.8901502
18.934216	-98.8965675
18.933979	-98.9017578
18.929023	-98.8887951
18.943607	-98.9063966
18.933381	-98.8952962
18.951641	-98.8861453
18.942041	-98.9255781
18.934651	-98.9017474
18.891298	-98.9319211
18.934272	-98.9018291
18.936111	-98.8967031
18.906111	-98.9013889
18.491026	-98.7508794
18.527013	-98.7929412
18.576869	-98.7450723
18.51079	-98.7552001
18.560676	-98.7730773
18.542052	-98.7313823
18.503815	-98.7073498
18.498449	-98.7460721
18.501741	-98.7520779
18.495739	-98.7525951
18.467274	-98.7268137
18.502132	-98.7549891
18.478889	-98.7677781
18.505254	-98.7051841
18.561274	-98.7762715
18.507713	-98.7494165
18.495033	-98.7507131
18.579477	-98.7437649
18.523611	-98.7902781
18.579431	-98.7153305
18.498516	-98.7956214
18.540047	-98.7321851
18.500805	-98.7496339
18.562231	-98.7696536
18.580985	-98.7483515
18.526381	-98.7930463
18.499758	-98.7940213
18.504167	-98.7055561
18.538625	-98.7411321
18.494837	-98.7568069
18.523889	-98.7902781
18.496996	-98.7521065
18.497645	-98.7522951
18.523611	-98.7902781
18.498333	-98.7963891
18.502501	-98.7538891
18.498393	-98.7583206
18.478891	-98.7669875
18.466945	-98.7256881
18.604034	-98.7205647
18.579631	-98.7156574
18.731477	-98.9563401
18.623444	-98.9996141
18.740556	-98.9872221
18.765056	-98.9572816
18.783876	-98.9394541
18.741381	-98.9537948
18.796125	-98.9570062
18.679494	-98.9560456
18.728769	-98.9559471
18.755957	-98.8815391
18.653013	-98.9912744
18.717717	-98.8984296
18.751407	-98.9793562
18.685107	-98.9849731
18.740572	-98.9876393
18.718076	-98.9925313
18.747501	-98.85222222
18.692211	-98.8985111
18.736853	-98.9790063
18.623251	-98.9987333
18.783692	-98.9866762
18.756267	-98.9143727
18.725128	-98.9988833
18.765286	-98.9820618
18.729892	-98.9619478
18.692485	-98.9970551
18.778388	-98.9819748
18.793513	-98.9649782
18.766867	-98.9827141
18.740556	-98.9872221
18.738845	-98.9542936
18.738254	-98.9869901
18.647771	-98.9373221
18.729153	-98.9496141
18.711395	-98.9603903
18.736713	-98.9786661
18.715001	-98.9327781
18.743858	-98.8522366
18.678917	-98.9075491
18.737784	-98.9849507
18.765486	-98.9830611
18.714329	-98.9350007
18.777753	-98.9863327
18.717818	-98.8996599
18.682643	-98.9847464
18.739959	-98.9872089
18.729425	-98.9611839
18.719688	-98.9940116
18.622483	-98.9953789
18.749498	-98.9791892
18.758212	-98.8842108
18.729195	-98.9590414
18.778416	-98.9815077
18.652958	-98.9918254
18.754444	-98.9161111
18.692431	-98.9965391
18.788144	-98.9639174
18.722728	-98.9919171
18.714099	-98.9338909
18.759225	-98.8847225
18.683889	-98.9850001
18.675833	-98.9580561
18.690705	-98.8969244
18.756797	-98.9147444
18.653378	-98.9912211
18.678889	-98.9077781
18.760556	-98.9588891
18.740091	-98.9939554
18.727701	-98.9597785
18.738781	-98.9542758
18.738184	-98.9863705
18.729471	-98.9611381
18.767354	-98.9821782
18.792256	-98.9632681
18.767052	-98.9822141
18.729096	-98.9606841
18.792256	-98.9632681
18.767274	-98.9823381
18.799859	-98.9549511
18.778056	-98.9861081
18.776906	-98.9850211
18.679144	-98.9086796
18.710808	-98.9596073
18.756111	-98.8811111
18.773344	-98.9922459
18.646667	-98.9377781
18.772721	-98.9908747
18.756111	-98.8811111
18.765831	-98.9822861
18.646667	-98.9377781
18.744671	-99.4295218
18.678532	-99.4640393
18.724644	-99.4708976
18.753144	-99.4457954
18.766053	-99.4607697
18.754066	-99.4570665
18.700093	-99.4815174
18.741715	-99.4500678
18.748482	-99.4324725
18.743034	-99.4347489
18.678498	-99.4638444
18.752525	-99.4448558
18.758283	-99.4339787
18.700983	-99.4814209
18.724953	-99.4673272
18.737583	-99.4490627
18.763614	-99.4636381
18.680127	-99.4638061
18.724659	-99.4681871
18.700833	-99.4819441
18.740383	-99.4543169
18.743614	-99.4351061
18.744262	-99.4331962
18.744181	-99.4321102
18.808067	-98.9537639
18.808243	-98.9523371
18.862259	-98.9399119
18.866578	-98.9446211
18.808558	-98.9525151
18.870511	-98.9269629
18.867784	-98.9272739
18.833899	-98.9564344
18.881881	-98.9718621
18.868253	-98.9273278
18.811981	-98.9371938
18.873102	-98.9656051
18.825078	-98.9535478
18.807875	-98.9603626
18.810593	-98.9507967
18.813313	-98.9596027
18.860678	-98.9650694
18.786151	-98.9071878
18.831321	-98.9967173
18.807119	-98.9454972
18.810612	-98.9835847
18.844723	-98.9418485
18.863142	-98.9774492
18.792993	-98.9134566
18.809067	-98.9322653
18.820086	-98.9401113
18.873041	-98.9179684
18.867311	-98.9226214
18.865932	-98.9704496
18.859196	-98.9330503
18.799987	-98.9207842
18.855418	-98.9287199
18.807481	-98.9355111
18.815151	-98.9507069
18.814821	-98.9553817
18.805963	-98.9557877
18.850611	-98.9442982
18.806878	-98.9449028
18.847953	-98.9488239
18.844586	-98.9365194
18.833671	-98.9420081
18.802372	-98.9428111
18.816714	-98.9560193
18.784048	-98.9069931
18.877201	-98.9284472
18.854565	-98.9277543
18.873088	-98.9182454
18.834614	-98.9604692
18.809055	-98.9333845
18.815723	-98.9288859
18.868049	-98.9272894
18.871139	-98.9259722
18.871461	-98.9263111
18.847772	-98.9502464
18.849789	-98.9426191
18.786996	-98.9066767
18.802792	-98.9179178
18.834061	-98.9616628
18.873541	-98.9182659
18.866289	-98.9305306
18.806396	-98.9321132
18.831069	-98.9427601
18.812393	-98.9557701
18.821401	-98.9498772
18.808535	-98.9533975
18.835086	-98.9459585
18.813088	-98.9597269
18.831069	-98.9427601
18.845276	-98.9467381
18.804069	-98.9472501
18.820152	-98.9516144
18.801302	-98.9511446
18.813662	-98.9550905
18.804021	-98.9179557
18.837681	-98.9379946
18.835086	-98.9459585
18.814109	-98.9616531
18.851583	-98.9581944
18.808535	-98.9533975
18.844572	-98.9472278
18.806559	-98.9352281
18.804021	-98.9179557
18.802486	-98.9170728
18.832333	-98.9405852
18.814869	-98.9558214
18.834901	-98.9443821
18.833642	-98.9421081
18.802886	-98.9423528
18.834901	-98.9443821
18.807802	-98.9516511
18.807802	-98.9516511
18.807802	-98.9516511
18.806581	-98.9321056
18.851983	-98.9555373
18.823394	-98.9537792
18.803916	-98.9174646
18.860326	-98.9340371
18.808535	-98.9533975
18.831069	-98.9427601
18.811231	-98.9511132
18.834385	-98.9429906
18.834901	-98.9443821
18.835207	-98.9412804
18.8159483	-98.9549604
18.831069	-98.9427601
18.849075	-98.9527082
18.867725	-98.9228372
18.878544	-98.9697171
18.879617	-98.9679951
18.791621	-98.9345825
18.794419	-98.9091251
18.896869	-99.2290901
18.931961	-99.2312851
18.921061	-99.2358535
18.966542	-99.2163884
18.950526	-99.2249163
18.965303	-99.2598727
18.968772	-99.2251334
18.906137	-99.1999378
18.916633	-99.2351406
18.916461	-99.1982201
18.943919	-99.2647985
18.923091	-99.2286596
18.930265	-99.2425642
18.940205	-99.2336581
18.925439	-99.2035478
18.915793	-99.2304631
18.923372	-99.2127256
18.879363	-99.2205524
18.931015	-99.2313777
18.875481	-99.2262236
18.972487	-99.2340928
18.928133	-99.2216661
18.913491	-99.2253311
18.912064	-99.2033004
18.961647	-99.1865814
18.904321	-99.2411772
18.908203	-99.2118286
18.921495	-99.2447023
18.927731	-99.1857332
18.920373	-99.2472164
18.908714	-99.2089821
18.981213	-99.1868622
18.944451	-99.1897494
18.953403	-99.2165523
18.924206	-99.1831948
18.907561	-99.2457149
18.940961	-99.2074801
18.954851	-99.2680701
18.976812	-99.2527898
18.918041	-99.2404865
18.918858	-99.2371404
18.931631	-99.2540407
18.932896	-99.2403768
18.932716	-99.2396893
18.967905	-99.2068909
18.925762	-99.2327328
18.895875	-99.2285804
18.915009	-99.2071234
18.986336	-99.2421457
18.981542	-99.2467032
18.978732	-99.2567051
18.904621	-99.2206745
18.946163	-99.2433645
18.960479	-99.2526671
18.933436	-99.2437244
18.945528	-99.2395693
18.941071	-99.2283021
18.927788	-99.1927959
18.950603	-99.2275849
18.974227	-99.2450088
18.876321	-99.2213897
18.979689	-99.2562368
18.910551	-99.2389806
18.903678	-99.2404932
18.961959	-99.1862015
18.912959	-99.2499071
18.918881	-99.2075269
18.915597	-99.2037354
18.895871	-99.2283537
18.943796	-99.2646108
18.907351	-99.2455994
18.878828	-99.2277702
18.911806	-99.2031762
18.975795	-99.2574744
18.916929	-99.1977185
18.976676	-99.2521983
18.906661	-99.2437412
18.931666	-99.2532278
18.920241	-99.2469103
18.895942	-99.2276351
18.930665	-99.1860326
18.927337	-99.1876566
18.880651	-99.2204911
18.915463	-99.2142504
18.979511	-99.1859557
18.896911	-99.2290385
18.920951	-99.2086437
18.928101	-99.2405001
18.923146	-99.2086358
18.924347	-99.2113056
18.924347	-99.2113056
18.924347	-99.2113056
18.874957	-99.2129201
18.935025	-99.2417266
18.950061	-99.2333021
18.931785	-99.2419338
18.968925	-99.2269527
18.951555	-99.2274776
18.966715	-99.2467736
18.917351	-99.2350187
18.907522	-99.2160111
18.916748	-99.1980071
18.931631	-99.2314059
18.969138	-99.2453561
18.924536	-99.1834663
18.950734	-99.2238214
18.897471	-99.2271051
18.967371	-99.2088791
18.970228	-99.2086939
18.966715	-99.2467736
18.936613	-99.2360154
18.904591	-99.2230212
18.949706	-99.2356139
18.920964	-99.2363018
18.933099	-99.2415271
18.928981	-99.2522023
18.950611	-99.2277421
18.970301	-99.2435332
18.950131	-99.1938551
18.940323	-99.2205806
18.907133	-99.2161472
18.917122	-99.1979361
18.947982	-99.2329227
18.923998	-99.1848839
18.971667	-99.1897222
18.974904	-99.2579449
18.930183	-99.2425972
18.920007	-99.2355361
18.918143	-99.2354551
18.974139	-99.2457389
18.909175	-99.2291301
18.959397	-99.2560902
18.909175	-99.2291301
18.969138	-99.2453561
18.966715	-99.2467736
18.948107	-99.2349283
18.906004	-99.2030457
18.969544	-99.2582527
18.876147	-99.2210917
18.874957	-99.2129201
18.950061	-99.2333021
18.930498	-99.1938631
18.930931	-99.1947669
18.933958	-99.2401298
18.969501	-99.2360953
18.923367	-99.2287311
18.918772	-99.2082991
18.907522	-99.2160111
18.914981	-99.2304877
18.931746	-99.1993927
18.972682	-99.2527353
18.947591	-99.2265992
18.973311	-99.2379546
18.908008	-99.2137052
18.931631	-99.2314059
18.971138	-99.2227851
18.979722	-99.1852781
18.948853	-99.1938222
18.920481	-99.2140556
18.920412	-99.2469431
18.928169	-99.2219417
18.916104	-99.2344621
18.923367	-99.2287311
18.949359	-99.2271721
18.922916	-99.1835642
18.931785	-99.2419338
18.944272	-99.2387397
18.966841	-99.2569071
18.947555	-99.2418341
18.896544	-99.2292201
18.909175	-99.2291301
18.969108	-99.2531835
18.879839	-99.2205333
18.910705	-99.2388916
18.839444	-99.1841667
18.804401	-99.1938369
18.841418	-99.1839941
18.850622	-99.1953597
18.767904	-99.1799609
18.867516	-99.2069287
18.840504	-99.1922419
18.849337	-99.1793122
18.850075	-99.1904619
18.850799	-99.1952255
18.849683	-99.1790945
18.827402	-99.1952358
18.846133	-99.1898288
18.838472	-99.1863721
18.868611	-99.2083331
18.803684	-99.2020493
18.721941	-98.7867862
18.717024	-98.7801688
18.721272	-98.7731066
18.722201	-98.7920888
18.689999	-98.7794136
18.626833	-98.7503044
18.612922	-98.7312821
18.726657	-98.8045474
18.634354	-98.7507863
18.716043	-98.7778761
18.721151	-98.7737136
18.690006	-98.7782654
18.619138	-98.7522403
18.717681	-98.7842447
18.612317	-98.7319209
18.715817	-98.7971566
18.618321	-98.7497031
18.689176	-98.7785551
18.728585	-98.8089337
18.721734	-98.7916211
18.724722	-98.7991691
18.715001	-98.7763891
18.724722	-98.7917891
18.873854	-99.1755225
18.887949	-99.1950049
18.894973	-99.1792786
18.876142	-99.1746552
18.884966	-99.1531845
18.899544	-99.1648439
18.906501	-99.1813163
18.927974	-99.1751366
18.878406	-99.1418705
18.892147	-99.1800611
18.882293	-99.1226033
18.895125	-99.1694742
18.886357	-99.1612134
18.884801	-99.1532851
18.896571	-99.1629596
18.890748	-99.1841038
18.913187	-99.1603644
18.919304	-99.1642318
18.916648	-99.1655815
18.928982	-99.1809099
18.905578	-99.1702839
18.919937	-99.1793778
18.904931	-99.2073878
18.862431	-99.1566559
18.889381	-99.1305831
18.912677	-99.1549007
18.889041	-99.1543409
18.893269	-99.1418543
18.908283	-99.1509341
18.888069	-99.1663657
18.915103	-99.1901304
18.872392	-99.1976971
18.904709	-99.2053172
18.872211	-99.1978376
18.908748	-99.1586587
18.901071	-99.1683099
18.878757	-99.1413288
18.886018	-99.1271282
18.927546	-99.1740325
18.878841	-99.1211476
18.921311	-99.1654004
18.883984	-99.1560058
18.885918	-99.1272897
18.929049	-99.1794728
18.890085	-99.1302707
18.919533	-99.1784934
18.913192	-99.1865637
18.911996	-99.1560934
18.901136	-99.1680281
18.920976	-99.1651294
18.920557	-99.1671433
18.876557	-99.1775991
18.901451	-99.1600803
18.888515	-99.1955687
18.900456	-99.1676872
18.914933	-99.1669869
18.889259	-99.1473191
18.876557	-99.1775991
18.914933	-99.1669869
18.901184	-99.1679281
18.886881	-99.1597587
18.913985	-99.1565694
18.884142	-99.1538202
18.883819	-99.1544485
18.904582	-99.2066301
18.919221	-99.1787914
18.876557	-99.1775991
18.899918	-99.1652241
18.898108	-99.1641519
18.880041	-99.1995867
18.905841	-99.2081421
18.876443	-99.1634921
18.616975	-99.1761827
18.626211	-99.2217341
18.550281	-99.2361101
18.603055	-99.1688881
18.626504	-99.2217199
18.542915	-99.2703801
18.579783	-99.1759629
18.594604	-99.1737741
18.616501	-99.2552686
18.597509	-99.1868933
18.619695	-99.1810607
18.614868	-99.1778718
18.559181	-99.2676901
18.607558	-99.1849223
18.614133	-99.1811909
18.579193	-99.1796599
18.614304	-99.1749751
18.596349	-99.1865378
18.574444	-99.2933333
18.566391	-99.2425001
18.550281	-99.2361101
18.616301	-99.1753261
18.614151	-99.1814683
18.615851	-99.2564407
18.614183	-99.1747596
18.596531	-99.1738265
18.577923	-99.1788787
18.598343	-99.1863257
18.562501	-99.2375001
18.561441	-99.2675001
18.617489	-99.1753876
18.615568	-99.2558159
18.577601	-99.1796501
18.591536	-99.1684362
18.550281	-99.2361101
18.597921	-99.1876046
18.596507	-99.1865893
18.615868	-99.1769755
18.619816	-99.1799181
18.614722	-99.1802778
18.615028	-99.1777751
18.614095	-99.1836493
18.623128	-99.1827083
18.614133	-99.1754519
18.617631	-99.2164651
18.618546	-99.1753945
18.619876	-99.1815325
18.614721	-99.1742937
18.617906	-99.1747671
18.617631	-99.2164651
18.613074	-99.1819753
18.566391	-99.2425001
18.572501	-99.2627778
18.562501	-99.2375001
18.696111	-98.8116671
18.618061	-98.7783301
18.695001	-98.8163889
18.675895	-98.7949935
18.692691	-98.8003893
18.611248	-98.7724355
18.696651	-98.8115941
18.680001	-98.8036111
18.681631	-98.8035941
18.696129	-98.8084904
18.679431	-98.8007788
18.696052	-98.8089194
18.613751	-98.7712801
18.679635	-98.8053808
18.692291	-98.8019496
18.692474	-98.8021597
18.696111	-98.8116671
18.668756	-98.8069306
18.679559	-98.8047181
18.680116	-98.8066351
18.680116	-98.8066331
18.679553	-98.8046491
18.679567	-98.8008641
18.677297	-98.7963806
18.678889	-98.8027778
18.680088	-98.8040431
18.680089	-98.8040431
18.678888	-98.8027777
18.680026	-98.8046051
18.680975	-98.8026583
18.656671	-98.8100001
18.662831	-99.3757151
18.666341	-99.3774053
18.661535	-99.3664387
18.732105	-99.3293169
18.726654	-99.3320179
18.733121	-99.3307052
18.733473	-99.3241901
18.760408	-99.3583488
18.773474	-99.3457391
18.767563	-99.3593451
18.727802	-99.3199582
18.726599	-99.3199159
18.773018	-99.3513257
18.762402	-99.3578843
18.768811	-99.3589198
18.746348	-99.3305441
18.732792	-99.3308548
18.772104	-99.3516881
18.772104	-99.3516881
18.733075	-99.3234771
18.878047	-98.7825417
18.918183	-98.7701161
18.917179	-98.7708424
18.874182	-98.7765371
18.881041	-98.7449003
18.868033	-98.7763864
18.935001	-98.7525001
18.910287	-98.7511423
18.936941	-98.7825001
18.897948	-98.7551035
18.876739	-98.7766031
18.936941	-98.7825001
18.878331	-98.7826149
18.898951	-98.7555566
18.907584	-98.7722551
18.867981	-98.7759307
18.912249	-98.7529371
18.935001	-98.7525001
18.936944	-98.7825001
18.878231	-98.7751151
18.877264	-98.7750801
18.879022	-98.7833611
18.877508	-98.7756851
18.880278	-98.7902778
18.876611	-98.7750301
18.878889	-98.7466671
18.619301	-99.3233471
18.677651	-99.2513011
18.616351	-99.3251061
18.680152	-99.3085201
18.686128	-99.2437031
18.680058	-99.3086037
18.489881	-99.2755101
18.608972	-99.3188065
18.616618	-99.3179836
18.680281	-99.2428451
18.487439	-99.2740899
18.578078	-99.2956803
18.621718	-99.3178011
18.654521	-99.2690299
18.622901	-99.3218238
18.628215	-99.3220544
18.691396	-99.2480182
18.690278	-99.2347221
18.636959	-99.3291061
18.616667	-99.3197221
18.484498	-99.2777381
18.686995	-99.2525861
18.531663	-99.2853567
18.629535	-99.3227554
18.486499	-99.2696588
18.621162	-99.3238158
18.679981	-99.3075403
18.492561	-99.2755401
18.488636	-99.2744152
18.615795	-99.3193561
18.619831	-99.3235963
18.688843	-99.2438322
18.654515	-99.2668608
18.488387	-99.2742752
18.458424	-99.2901401
18.689134	-99.2378773
18.682791	-99.2541501
18.493786	-99.2786614
18.680631	-99.3112042
18.577781	-99.2952801
18.457778	-99.2883291
18.681087	-99.2595859
18.620676	-99.3242597
18.489749	-99.2747301
18.619245	-99.3237432
18.487452	-99.2753381
18.684394	-99.2460191
18.661191	-99.2599701
18.616667	-99.3197222
18.687961	-99.2484391
18.611111	-99.3280561
18.621005	-99.3239421
18.632672	-99.3180671
18.657537	-99.2640951
18.488311	-99.2726927
18.458424	-99.2901401
18.531407	-99.2868959
18.645278	-99.3036111
18.642781	-99.3455601
18.843994	-99.2247917
18.843823	-99.2255041
18.871845	-99.2281719
18.819715	-99.2359736
18.840871	-99.2409132
18.867496	-99.2510169
18.814767	-99.2237963
18.881543	-99.2370793
18.852852	-99.2366216
18.864882	-99.2350109
18.856777	-99.2265726
18.828838	-99.2444776
18.820925	-99.2310991
18.826635	-99.2392537
18.824206	-99.2293177
18.853691	-99.2303224
18.864452	-99.2449911
18.810483	-99.2173333
18.826615	-99.2572344
18.828883	-99.2441079
18.868287	-99.2503309
18.821996	-99.2421179
18.818569	-99.2324345
18.828987	-99.2439442
18.812631	-99.2330106
18.862262	-99.2449365
18.831127	-99.2526778
18.815769	-99.2154207
18.862261	-99.2549364
18.869179	-99.2510447
18.861046	-99.2451231
18.871406	-99.2281417
18.852531	-99.2246528
18.857353	-99.2215324
18.824587	-99.2294574
18.850566	-99.2255161
18.848392	-99.2342013
18.857839	-99.2267417
18.871406	-99.2281417
18.827743	-99.2450883
18.8383281	-99.2554664
18.824325	-99.2294639
18.847801	-99.2241271
18.856701	-99.2266491
18.824385	-99.2287477
18.773017	-98.7787589
18.743095	-98.7690042
18.779981	-98.7850501
18.753757	-98.7740367
18.768201	-98.7664683
18.772243	-98.7751955
18.744257	-98.7700329
18.753777	-98.7747821
18.745482	-98.7707673
18.768536	-98.7663333
18.754619	-98.7787115
18.649281	-98.8319801
18.651091	-98.8344501
18.596484	-98.8454971
18.639171	-98.9594401
18.524241	-98.8364501
18.594197	-98.8505519
18.638061	-98.9261101
18.588697	-98.8454339
18.587985	-98.8456154
18.652691	-98.8315801
18.597412	-98.8417042
18.601901	-98.8498001
18.524097	-98.8314774
18.657221	-98.9244401
18.629441	-98.8963901
18.594133	-98.8503654
18.526526	-98.8382152
18.639171	-98.9594401
18.596391	-98.8436101
18.594802	-98.8443701
18.599047	-98.8394306
18.601516	-98.8496951
18.596707	-98.8454411
18.522501	-98.8222222
18.969085	-99.0766781
18.927429	-99.0304738
18.979167	-99.0363891
18.966042	-99.0763139
19.013541	-99.0613863
18.976601	-99.0741921
18.932519	-99.0414858
18.926721	-99.0298317
18.968871	-99.0760581
18.932418	-99.0401908
19.006818	-99.0609754
18.979179	-99.0364669
18.979109	-99.0363695
18.735211	-99.4133181
18.729173	-99.3978121
18.728594	-99.3973551
18.731279	-99.4079461
18.729375	-99.3975333
18.723439	-99.4009799
18.730219	-99.3846633
18.732142	-99.3968021
18.731279	-99.4079461
18.732363	-99.4020041
18.893056	-98.7297222
18.891484	-98.7300548
18.835556	-98.7611111
18.886046	-98.6993524
18.916188	-98.7443128
18.882873	-98.7312305
18.889521	-98.6972001
18.884412	-98.7259864
18.891844	-98.7292556
18.885001	-98.6902801
18.897087	-98.7165807
18.889001	-98.7210894
18.887321	-98.7358257
18.886171	-98.6901201
18.885831	-98.6890301
18.891138	-98.7289511
18.891197	-98.7292383
18.885681	-98.6968101
18.915826	-98.7450245
18.892869	-98.7312311
18.891916	-98.7305585
18.893371	-98.7302221
18.883874	-98.7183869
19.012493	-98.9963779
19.039414	-98.9437875
19.008907	-98.9608384
19.007423	-98.9954144
19.007563	-98.9977354
19.008891	-98.9615019
19.041984	-98.9431515
19.038669	-98.9414502
18.677983	-99.1310401
18.683631	-99.1195601
18.671093	-99.1869439
18.680141	-99.1282401
18.728061	-99.1611101
18.638514	-99.0064413
18.680521	-99.1374376
18.680441	-99.1277701
18.698333	-99.1063889
18.693551	-99.1195301
18.681618	-99.1857527
18.711941	-99.1083301
18.698101	-99.1826201
18.761051	-99.1201501
18.699153	-99.1528433
18.718891	-99.1194401
18.716111	-99.1572201
18.704171	-99.1127801
18.699061	-99.1796601
18.678673	-99.1286266
18.698331	-99.1055601
18.690841	-99.1185601
18.711508	-99.1082898
18.697711	-99.1807601
18.704171	-99.11278
18.752691	-99.1271501
18.698333	-99.1063889
18.716111	-99.1572201
18.728061	-99.1611101
18.643497	-99.0042658
18.678491	-99.1456245
18.700831	-99.1525001
18.683496	-99.1144738
18.683072	-99.1147531
18.697331	-99.1835471
18.682987	-99.1192071
18.683179	-99.1189722
18.697173	-99.1814731
18.681548	-99.1227951
18.690885	-99.1137751
18.683632	-99.1195581
18.693891	-99.1905601
18.627486	-99.1628315
18.638509	-99.1583201
18.637643	-99.1639863
18.520001	-99.1447201
18.655281	-99.1541701
18.528891	-99.0702801
18.646111	-99.1555556
18.637291	-99.1518688
18.620271	-99.1553001
18.629714	-99.1620119
18.625692	-99.1651541
18.518056	-99.1202778
18.548061	-99.1075001
18.528891	-99.0702801
18.561671	-99.1002801
18.638136	-99.1641204
18.637208	-99.1514184
18.644841	-99.1564107
18.624444	-99.1436111
18.528891	-99.0702801
18.520001	-99.1447201
18.561671	-99.1002801
18.638184	-99.1476899
18.548056	-99.1075001
18.628889	-99.1602778
18.638509	-99.1583201
18.628889	-99.1602781
18.529848	-99.0696491
18.628889	-99.1602778
18.629591	-99.1620541
18.529848	-99.0696491
18.626311	-99.1647361
18.626331	-99.1647311
18.641271	-99.1563171
18.626564	-99.1603972
18.629591	-99.1620541
18.637389	-99.1642101
18.628861	-99.1597675
18.561671	-99.1002801
18.548061	-99.1075001
18.530252	-99.1398412
18.518056	-99.1202778
18.984444	-98.9702778
18.974965	-98.9461254
18.981667	-99.0027781
18.953036	-98.9898112
18.922612	-98.9891481
18.958757	-98.9308741
18.984167	-98.9700001
18.944283	-98.9806145
18.922101	-98.9896147
18.939229	-99.0092727
18.972203	-98.9407621
18.979363	-98.9980021
18.984167	-98.9700001
18.957833	-98.9822721
18.955436	-98.9812997
18.955556	-98.9811111
18.971289	-98.9424826
18.958757	-98.9308741
18.977778	-98.9280561
18.998889	-98.9438891
18.981389	-98.9080556
18.988203	-98.9177351
18.986076	-98.9503541
18.989444	-98.9113889
18.983393	-98.9092147
18.989876	-98.9683163
18.986076	-98.9503541
18.977119	-98.9252229
18.994723	-98.9302671
18.987679	-98.9209037
19.035458	-98.9100101
18.986721	-98.9204769
18.998889	-98.9438891
18.989444	-98.9113889
18.986601	-98.9207861
19.036891	-98.9119458
18.991667	-98.9672221
18.977097	-98.9278377
18.995954	-98.9316132
18.991769	-98.9213704
18.743056	-99.2250001
18.743298	-99.2253581
18.744537	-99.2257671
18.799986	-99.2336941
18.747262	-99.2272047
18.790196	-99.2267339
18.824371	-99.2481554
18.781027	-99.2095048
18.738219	-99.2533972
18.785642	-99.2305909
18.782885	-99.2008096
18.823763	-99.2551973
18.817435	-99.2438235
18.747836	-99.2711813
18.820166	-99.2445231
18.824077	-99.2557295
18.815611	-99.2400723
18.793152	-99.2368621
18.749334	-99.2252261
18.788147	-99.1963425
18.749278	-99.2246342
18.783606	-99.2303801
18.743056	-99.2250001
18.743965	-99.2261469
18.780558	-99.2304131
18.783606	-99.2303801
18.783276	-99.2307969
18.780558	-99.2304131
18.783606	-99.2303801
18.774638	-99.2609311
18.720347	-99.2578691
18.922037	-98.9708551
18.920036	-99.0327031
18.913111	-98.9722703
18.884212	-98.9659231
18.797506	-99.0556977
18.908121	-98.9726968
18.865671	-99.0758344
18.882339	-99.0569132
18.897439	-99.0680235
18.932494	-99.0253105
18.929009	-99.0260459
18.882063	-99.1175764
18.877045	-98.9812095
18.877678	-99.0667234
18.903262	-99.0507064
18.875806	-99.0656768
18.893549	-99.1205316
18.863698	-99.0709539
18.867394	-99.0774971
18.893339	-99.1267597
18.891325	-99.0493706
18.915155	-98.9808271
18.883121	-99.1151274
18.886277	-98.9810016
18.891105	-99.0248769
18.890088	-99.0612702
18.881138	-99.0735531
18.880423	-99.0617336
18.929167	-98.9702778
18.885406	-99.0625978
18.940032	-99.0140971
18.924071	-99.0308771
18.891104	-99.0275055
18.889531	-99.0696068
18.863686	-99.0640367
18.871761	-99.0313741
18.880711	-99.0646811
18.880484	-99.0651021
18.882057	-99.0589248
18.880201	-99.1145501
18.894264	-99.0646888
18.920115	-99.0663889
18.854005	-99.0757139
18.890201	-99.0242491
18.888911	-99.0579406
18.871065	-99.0330979
18.923964	-99.0291941
18.892964	-99.0647121
18.886453	-98.9784026
18.882267	-99.0558439
18.887413	-99.0612194
18.891229	-99.0614421
18.907099	-98.9684261
18.798578	-99.0578065
18.940809	-99.0141196
18.891023	-99.0233662
18.923136	-99.0390889
18.880352	-99.1192511
18.893986	-98.9768562
18.890902	-99.1249617
18.888821	-99.0724266
18.876407	-99.0659494
18.879895	-99.0622467
18.931905	-99.0245865
18.882371	-99.0673407
18.867461	-99.0770899
18.878139	-98.9810121
18.882549	-99.0673166
18.891245	-99.1249979
18.931001	-99.0282406
18.893747	-99.1276157
18.911139	-99.169899
18.861874	-99.0593601
18.889305	-99.1121232
18.885378	-99.0248862
18.797811	-99.0555097
18.868831	-99.0785451
18.905813	-99.0248295
18.940278	-99.0144441
18.882261	-99.0580665
18.889801	-99.0599139
18.870954	-99.0747852
18.880594	-99.0625631
18.906226	-98.9805693
18.890154	-99.1255835
18.877935	-99.0693081
18.886141	-99.0598196
18.880108	-99.0628611
18.907488	-98.9675781
18.890971	-99.1249411
18.892237	-99.0706191
18.879736	-99.0622531
18.888044	-99.0611484
18.853976	-99.0752838
18.923136	-99.0390889
18.889167	-98.9886111
18.906226	-98.9805693
18.879736	-99.0622531
18.866315	-99.0781469
18.907721	-98.9725421
18.924071	-99.0308771
18.907666	-98.9680543
18.886657	-99.0657281
18.929266	-98.9712274
18.883333	-98.8650001
18.887093	-98.8132541
18.893611	-98.8605556
18.800104	-98.8125514
18.883112	-98.8533541
18.935102	-98.7959685
18.873866	-98.8470031
18.945609	-98.8246762
18.881386	-98.8468077
18.787578	-98.8445123
18.803628	-98.8734817
18.814064	-98.9237851
18.873161	-98.8680701
18.931815	-98.8095142
18.804665	-98.8711147
18.883639	-98.8179254
18.891771	-98.8585546
18.797345	-98.8152391
18.788056	-98.8430561
18.945611	-98.8244889
18.812151	-98.9233399
18.803788	-98.8732402
18.879828	-98.8200396
18.944184	-98.8258061
18.935961	-98.7959561
18.799275	-98.8133711
18.879162	-98.8333243
18.788056	-98.8430561
18.885808	-98.8607501
18.814839	-98.9225104
18.885808	-98.8607501
18.813651	-98.9230611
18.883142	-98.8622751
18.885808	-98.8607501
18.930561	-98.8097201
18.896667	-98.8791667
18.862221	-98.9205601
18.912222	-98.8138889
18.856391	-98.8333301
18.640095	-99.2091859
18.654214	-99.1914097
18.635131	-99.2169202
18.658542	-99.1949211
18.654044	-99.2208943
18.660739	-99.1868827
18.651781	-99.1940985
18.665865	-99.2029023
18.650642	-99.1905725
18.655336	-99.2206018
18.652961	-99.1962452
18.665323	-99.2090983
18.652169	-99.2247194
18.652147	-99.1910984
18.654411	-99.1904251
18.652581	-99.1940261
18.634254	-99.2185418
18.653977	-99.1907081
18.639627	-99.2092551
18.639481	-99.2089591
18.653977	-99.1907081
18.653977	-99.1907081
18.639041	-99.2056461
18.786461	-98.7648901
18.791541	-98.7730501
18.811651	-98.7507161
18.818056	-98.7588889
18.808431	-98.7451601
18.786731	-98.7649901
18.791491	-98.7719301
18.785491	-98.7660201
18.766971	-98.7632713
18.815281	-98.7560701
18.811971	-98.7519001
18.816629	-98.7445467
18.795351	-98.7746901
18.819491	-98.7497401
18.778827	-98.7745081
18.785514	-98.7658691
18.802781	-98.7508301
18.9198365	-99.2325589
18.6155343	-99.1837606
18.9205345	-99.237641
18.9215403	-99.2376277
18.923306	-99.2373809
18.924312	-99.218475
18.77077413	-98.98304298
18.622894	-98.99805437
18.84972306	-98.95825074
18.92002693	-99.19024952
18.91801738	-99.23392661
18.91801738	-99.23392259
18.92115095	-99.21559371
18.9156272	-99.23369057
18.71633116	-98.77948416
18.91996096	-99.16370906
18.88245987	-99.1772695
18.61653458	-99.17700682
18.76764861	-99.35846678
18.61666667	-99.31972222
18.85366265	-99.22370451
18.59638889	-98.84361111
18.81116603	-98.94825207
18.83473846	-98.94504683
18.93166667	-99.03888889
18.68429124	-99.11655871
18.62682757	-99.16281917
18.7842818	-99.23017921
18.78394153	-99.23027711
18.88714284	-99.06377018
18.85606444	-98.87361526
18.65099115	-99.19754975
18.65175101	-99.19772678
18.9222713	-99.2344014
18.6165755	-99.3241112
18.60205167	-99.38702809
18.60878678	-99.4162342
18.828641	-98.948987
18.89761	-99.22478
18.781413	-99.230336
18.7863117	-98.9789591
18.9577229	-99.2458529
18.9305037	-99.2238351
18.8397683	-99.2413197
18.57472222	-99.34611111
18.82335768	-99.23746021
18.83414198	-99.24075665
18.86399575	-99.23303725
18.730459	-99.327177
18.882123	-98.864636
18.62937689	-99.16236704
18.62652511	-99.16036441
18.62917356	-99.15539276
18.63877066	-99.17283838
18.89355812	-98.72997407
18.83546713	-99.23973942
18.87188666	-99.2284205
18.86768871	-99.25128398
18.84483929	-99.23299434
18.85270825	-99.23032202
18.82618584	-99.22851706
18.86451607	-99.24441786
18.83438061	-99.23942828
18.87264806	-99.23125291
18.61506141	-99.34579311
18.61471572	-99.34533344
18.57472222	-99.34611111
18.502503	-98.753987
18.60972222	-99.42444444
18.60036009	-99.36982398
18.60172265	-99.36999564
18.61203146	-99.34950528
18.59	-99.35333333
18.9334224	-99.1948255
18.6196797	-99.1723555
18.9880142	-98.921162
18.9879029	-98.9211967
18.8859322	-99.0606652
18.6173082	-99.3236504
18.9880619	-98.9211472
18.682997	-99.1181501
18.9879983	-98.921167
18.9877916	-98.9212313
18.9880778	-98.9211423
18.9881096	-98.9211324
18.988046	-98.9211521
18.9878075	-98.9212263
18.9877757	-98.9212362
18.9219444	-99.0291667
18.7307339	-99.327305
18.928738	-99.1980305
18.86604877	-98.77916578
18.7398636	-99.255316
18.8167368	-98.9544249
18.924182	-99.219269
18.6175208	-99.18101
18.8128978	-98.9552645
18.9606098	-99.2329393
18.9038133	-99.2249496
18.9032479	-99.2289631
18.88583333	-99.06055556
18.8862712	-99.0603011
18.9383894	-98.9002126
18.91361111	-98.94972222
18.9357846	-98.8920905
18.9343036	-98.8966426
18.921739	-99.235215
18.921784	-99.235306
18.92846166	-99.20916051
18.921372	-99.234826
18.91041	-99.231596
18.911034	-99.210476
18.912293	-99.234901
18.920674	-99.232813
18.72239423	-98.79158034
18.61200107	-98.73206498
18.907365	-99.169417
18.87165687	-99.18515099
18.906871	-99.16525
18.615114	-99.182606
18.680835	-98.80366
18.76861111	-99.35944444
18.87324703	-99.23138702
18.85428707	-99.2274083
18.84424021	-99.2330339
18.87653879	-99.23320539
18.82757768	-99.23992477
18.852686	-99.236399
18.828705	-98.948811
18.728989	-99.398681
18.728481	-99.397668
18.733979	-99.397003
18.728371	-99.396472
18.732628	-99.404346
18.781617	-99.230977
18.880044	-99.068507
18.8095247	-98.9494123
18.7679233	-98.9838576
18.8841016	-98.8684504
18.9220115	-99.2336011
18.9288997	-99.2378837
18.8815799	-98.8653301
18.9507304	-99.229662
18.9221279	-99.2348614
18.6144747	-99.1777482
18.843308	-99.1823429
18.922795	-99.2100377
18.8818311	-99.0680247
18.818504	-98.9531611
18.876764	-98.77762
18.970876	-99.237381
18.8552145	-99.2283578
18.9221157	-99.2349493
18.6888031	-99.1162859
18.6457565	-99.2152496
18.7613202	-98.9879934
18.9221198	-99.23492
18.9221054	-99.2350226
18.925814	-99.238227
18.9072088	-99.2311294
18.9221443	-99.2347441
18.655556	-99.225
18.761111	-99.119167
18.779722	-99.226389
18.9221525	-99.2346855
18.9220993	-99.2350666
18.925814	-99.238227
18.921129	-99.2339068
18.9134053	-99.2332256
18.92042391	-99.23516162
18.8994905	-99.2308418
18.8825515	-99.1762445
18.92175496	-99.23494388
18.827148	-99.2288564
18.8862712	-99.0603011
18.7559044	-98.9848739
18.8127572	-98.9556538
18.7829046	-99.2304899
18.845264	-99.223793
18.8842317	-98.8686439
18.6301685	-99.1607197
18.8126722	-98.9553411
18.6529211	-99.1937357
18.6165755	-99.3241112
18.845264	-99.223793
18.9360301	-98.9004125
18.8862712	-99.0603011
18.8844518	-98.8643639
18.8413312	-99.1834153
18.845264	-99.223793
18.8413539	-99.1834522
18.8129166	-98.9552581
18.8413425	-99.1834338
18.7681876	-98.9832511
18.8862712	-99.0603011
18.845264	-99.223793
18.8862712	-99.0603011
18.8862712	-99.0603011
18.8824338	-98.8649275
18.8801784	-99.1777311
18.6165755	-99.3241112
18.655835	-99.1940006
18.7670929	-98.9832825
18.9328814	-98.8969395
18.8844224	-99.1773042
18.6165755	-99.3241112
18.8862712	-99.0603011
18.7837433	-99.2294395
18.8828365	-99.1753464
18.8862712	-99.0603011
18.8129354	-98.9552517
18.6177125	-99.3224832
18.845264	-99.223793
18.7221394	-98.7926946
18.6165755	-99.3241112
18.9226694	-99.2347769
18.8432868	-99.1823545
18.6165755	-99.3241112
18.9010451	-99.1672026
18.8844278	-98.8643033
18.6165755	-99.3241112
18.8862712	-99.0603011
18.922242	-99.234761
18.9511261	-99.227977
18.7671331	-98.9817401
18.8814352	-99.0640327
18.7925592	-98.7640114
18.7678876	-99.360124
18.6805943	-98.8026364
18.744042	-99.434807
18.9350842	-98.8917505
18.6852157	-99.1174214
18.7561934	-98.9848343
18.9156507	-99.2371297
18.9729692	-99.2453019
18.6601665	-99.1870759
18.6020944	-99.3704664
18.6128687	-99.1802452
18.7671331	-98.9817401
18.7844315	-99.229986
18.7330272	-99.397238
18.8219554	-99.1905328
18.8841181	-98.8684703
18.8818263	-98.8652208
18.8817031	-98.8652754
18.7277727	-98.8971133
18.932364	-99.2546201
18.8862712	-99.0603011
18.8841668	-98.8685308
18.9235225	-99.1831402
18.8842057	-98.8685987
18.8841512	-98.8685101
18.8127098	-98.9553284
18.6239168	-99.3233606
18.914929	-99.2064249
18.901517	-99.1678695
18.6601665	-99.1870759
18.7728865	-98.7783918
18.9067628	-99.2443716
18.8954102	-99.2292848
18.9500832	-99.193279
18.6861043	-99.2450863
18.6803721	-98.803718
18.7288311	-99.3958042
18.6806328	-98.8033398
18.8942814	-98.7298572
18.7617593	-98.9874287
18.972526	-99.2294344
18.9119943	-99.1969306
18.9349831	-98.8917044
18.8150119	-98.9241647
18.8736785	-99.0658603
18.94014421	-99.20215306
18.92155064	-99.23538359
18.758935	-99.231367
18.6529533	-99.1935806
18.7679233	-98.9838576
18.8418347	-99.1827822
18.6529372	-99.1936581
18.7670182	-98.9830444
18.8886081	-99.0604387
18.7679233	-98.9838576
18.7670556	-98.9831635
18.7679233	-98.9838576
18.8127365	-98.9555926
18.7680832	-98.9830644
18.8862712	-99.0603011
18.9101817	-99.1690946
18.6148497	-99.1806452
18.8843095	-98.8687797
18.9172472	-99.2366964
18.6165755	-99.3241112
18.7837695	-99.2295395
18.845264	-99.223793
18.8411545	-99.1831717
18.6554761	-99.1950066
18.8412972	-99.18336
18.7444344	-99.4360809
18.7680329	-98.9830349
18.9010574	-99.1672915
18.91402	-99.23693
18.6447644	-99.2071209
18.9363507	-99.236028
18.845264	-99.223793
18.882274	-99.1776303
18.924312	-99.218475
18.8410314	-99.1832548
18.6447644	-99.2071209
18.885202	-98.6909935
18.8186786	-98.9446924
18.928691	-99.18407
18.9083856	-99.2314727
18.9233289	-99.2225695
18.6808903	-98.8025966
18.832454	-98.9447874
18.68	-98.8032248
18.924353	-99.217746
18.7233312	-99.4010739
18.9140164	-99.2359798
18.9217414	-99.2376572
18.9251529	-99.1740985
18.6453295	-99.1564663
18.8385812	-99.1862569
18.8752484	-99.2197094
18.8400426	-99.235118
18.9289139	-99.2435471
18.923198	-99.1856141
18.9223482	-99.2257132
18.9814352	-99.1873163
18.9251417	-99.1842984
18.9561902	-99.2177999
18.9075044	-99.2439992
18.6898271	-99.1830984
18.8419032	-99.2154294
18.6379068	-99.1643767
18.5470047	-99.2658846
18.7336636	-99.3326604
18.9216715	-99.2328499
18.8790491	-99.0733896
18.91333	-98.775376
18.9545493	-99.2558784
18.8840241	-98.8607922
18.9739477	-99.0771427
18.9861105	-99.0780685
18.9690925	-99.0636323
18.974734	-99.078268
18.9724381	-99.0750788
18.9365459	-99.2249766
18.6802337	-98.8037384
18.6795756	-98.799424
18.61869	-99.2577005
18.507113	-98.74796
18.759309	-98.976356
18.856378	-98.959777
18.820193	-98.932029
18.906368	-99.1654
18.887534	-99.127017
18.879935	-99.127652
18.567682	-99.180786
18.729452	-99.380999
18.73009	-99.363846
18.761471	-99.360915
18.911713	-98.779823
18.937266	-98.779747
18.84794	-99.2351
18.853625	-99.226955
18.727412	-99.397894
18.732963	-99.387769
18.641977	-99.15519
18.624286	-99.142715
18.894296	-99.073656
18.889359	-99.065232
18.873643	-99.074268
18.893377	-99.060819
18.667171	-99.194129
18.632368	-99.211453
18.664275	-99.209419
18.8159589	-98.926522
18.9239111	-99.2374098
18.9220115	-99.2336011
18.8855084	-99.0611452
18.9677808	-99.2089716
18.9684371	-99.2247529
18.6892437	-99.2483479
18.7179524	-98.9937229
18.8105658	-98.9533185
18.6154351	-99.1826664
18.7718953	-99.3513219
18.8362921	-98.9443319
18.9013674	-99.1678874
18.871323	-98.9286862
18.9023494	-98.9687368
18.8826742	-98.864804
18.5050873	-98.7621364
18.7189521	-98.9021039
18.6561391	-99.1919439
18.9220865	-99.2366785
18.7728917	-98.7784061
18.9677808	-99.2089716
18.5793955	-99.1802651
18.5601073	-98.7726624
18.9074405	-99.2441054
18.597831	-99.1868975
18.7844861	-99.2299646
18.955925	-98.978448
18.8129631	-98.9559225
18.744042	-99.434807
18.83936321	-99.18278633
18.83912459	-99.18526285
18.85141058	-99.17917072
18.80392697	-99.20140096
18.59468807	-98.8444499
18.58927704	-98.84713495
18.59590488	-98.83832365
18.65001424	-98.83421536
18.52374507	-98.83140152
18.65950404	-98.92484562
18.62855149	-98.89660767
18.8129631	-98.9559225
18.958349	-98.982562
18.98166667	-99.00277778
18.985004	-98.969853
18.985058	-98.970004
18.97472222	-98.94638889
18.93111111	-99.0275
18.94055556	-99.00888889
18.93972222	-99.01194444
18.92138889	-98.99
18.91277778	-98.995
18.94055556	-98.97694444
18.945	-98.97944444
18.94777778	-98.98361111
18.96388889	-98.93722222
18.95794	-98.980881
18.956657	-98.983572
18.78388889	-98.76583333
18.81431487	-98.75146798
18.769283	-99.225164
18.768511	-99.236961
18.780785	-99.230647
18.743829	-99.225771
18.791234	-99.236393
18.781735	-99.202134
19.0074553	-98.9974361
19.0074568	-98.9974913
18.74431556	-98.77013398
18.75302	-98.77548364
18.878026	-98.77577
18.876524	-98.77617
18.57902076	-99.18074884
18.67888889	-98.80277778
18.6806328	-98.8033398
18.6805185	-98.8027647
18.61656833	-99.18097089
18.61521805	-99.17955277
18.6227228	-99.18310803
18.61230235	-99.18044148
18.61794026	-99.17541234
18.62210036	-99.19641409
18.57104714	-99.18085529
18.58196342	-99.1755693
18.58947091	-99.17480621
18.59638889	-99.17305556
18.60196973	-99.17157319
18.59800436	-99.18624128
18.60723998	-99.18495963
18.62590791	-99.20319471
18.62569411	-99.22314724
18.61693381	-99.22220794
18.54275284	-99.27183512
18.55990016	-99.27059382
18.5549774	-99.26209122
18.5625792	-99.23635084
18.54916099	-99.23671025
18.61524249	-99.18265033
18.55773534	-99.26740948
18.61820885	-99.17425636
18.62082438	-99.18001908
18.61800042	-99.1781174
18.836313	-98.944137
18.850454	-98.958225
18.825813	-98.997739
18.814417	-98.928981
18.785869	-98.906952
18.808513	-98.958388
18.65546386	-99.19419766
18.8195485	-98.9509837
18.8099239	-98.93286
18.7136894	-99.1816177
18.72972222	-99.38166667
18.7961899	-99.2302393
18.882728	-99.0638799
18.8073023	-98.9353625
18.6596517	-99.18707
18.9484715	-99.2442223
18.8795252	-99.1148449
18.6982616	-99.1804612
18.893248	-99.1566632
18.8846005	-99.1540998
18.9269214	-99.1730125
18.6814111	-99.1863555
18.8128389	-98.936853
18.6920636	-98.8027699
18.8169313	-99.2441815
18.8748804	-99.1720915
18.881325	-98.8546627
18.729852	-98.9613973
18.8128298	-98.9625477
18.8360416	-98.9521876
18.8552506	-99.0744981
18.9758637	-99.2517782
18.879682	-98.8486949
18.893519	-98.729902
18.9683447	-99.2617549
18.8632117	-99.0702081
18.968548	-99.2247533
18.8767446	-98.8541721
18.863623	-99.0615194
18.8127719	-98.9234503
18.8908178	-99.1844282
18.8700277	-99.1836373
18.8674405	-99.1885684
18.9177405	-99.1808337
18.8894932	-99.1941748
18.6689804	-99.1880954
18.8767955	-99.0708654
18.8941424	-99.07306
18.8948829	-99.0654704
18.9284412	-99.1802997
18.8930242	-99.0562277
18.6594676	-99.1941369
18.8767308	-99.0665097
18.8987712	-99.1623606
18.8879076	-99.1480623
18.6277188	-99.3219306
18.8112983	-98.9606897
18.7208957	-98.7733517
18.8761013	-99.1947714
18.7284234	-98.8042193
18.8087194	-98.9583897
18.8993429	-99.1806147
18.7917536	-99.2340613
18.9307795	-99.2516548
18.8894833	-99.1306632
18.889882	-99.0684679
18.6720469	-99.1872415
18.8590073	-99.1816148
18.9056394	-99.2070693
18.835598	-99.2437171
18.7784344	-98.9854987
18.6234531	-98.9998346
18.728408	-98.9580455
18.7179762	-98.9932011
18.8733193	-98.9180881
18.8210446	-98.9619442
18.9134632	-99.2251537
18.9699507	-99.2091541
18.9236754	-99.2128417
18.804312	-99.2024649
18.866748	-99.209635
18.9034406	-99.1792367
18.9121513	-99.1831507
18.8952542	-99.1719828
18.886214	-99.1599225
18.8977618	-99.1747609
18.6947144	-98.7992896
18.6072443	-99.3174643
18.6164159	-99.3184239
18.654259	-99.2669294
18.7231826	-99.3983903
18.8861054	-98.6918266
18.6909993	-99.1193914
18.762475	-99.1194529
18.6897482	-99.1825856
18.7901143	-99.229397
18.8259492	-99.2535376
18.8843031	-99.0719792
18.8785501	-99.0674637
18.882228	-99.056393
18.8889013	-99.0714792
18.9081945	-98.9696371
18.8726852	-98.8677561
18.8900458	-98.8611896
18.6666815	-99.2101432
18.6326974	-99.211615
18.6406894	-99.2089786
18.6650689	-99.2031222
18.6491261	-99.1907497
18.8974259	-99.1753679
18.7324479	-99.3853694
18.8276882	-99.2486009
18.6106055	-99.3195658
18.9149756	-98.9813714
18.8855243	-98.981464
18.9778318	-98.9218142
18.9830977	-98.9205486
18.9144216	-98.9717767
18.8733995	-99.0668873
18.8706181	-99.0634354
18.8230478	-98.928092
18.8196835	-99.2425823
18.8706847	-99.1832046
18.61162281	-99.26085952
18.59710263	-99.18676082
18.9367821	-99.2247624
18.8351968	-98.945166
18.8894978	-99.0715353
18.8888366	-99.0518947
18.9709805	-99.2370568
18.8497761	-98.9434592
18.9158847	-99.1890017
18.664215	-99.372845
18.9089314	-99.0462165
18.8071895	-98.938236
18.9031126	-99.0705736
18.7923661	-98.9629397
18.8658465	-98.9702781
18.8039332	-98.9246699
18.8784601	-99.1266537
18.7251638	-99.3183302
18.6136824	-99.3145491
18.4888312	-99.2743911
18.6108089	-99.3175545
18.8648091	-99.2444698
18.8908625	-98.9771089
18.8709091	-99.0747156
18.9308881	-99.2237532
18.790071	-99.2300379
18.7706762	-98.7787942
18.8177799	-98.9517263
18.6165755	-99.3241112
18.9266229	-99.2504483
18.8126949	-98.95547
18.8411017	-99.1832073
18.9543244	-99.2387163
18.8862712	-99.0603011
18.6298573	-99.1616771
18.7219627	-98.7922927
18.9439845	-99.1999315
18.7668264	-98.9854719
18.9266892	-99.2502966
18.8878986	-99.1844112
18.8262573	-99.2283381
18.8862712	-99.0603011
18.9369939	-99.2349275
18.6194821	-99.3188901
18.9119013	-99.2100222
18.9147697	-99.2064308
18.9229058	-99.2298094
18.9221322	-99.2380076
18.8072655	-98.9339529
18.9342826	-99.2419403
18.6177103	-99.3232167
18.6571666	-99.1922328
18.9071987	-99.2446951
18.8228525	-98.9496926
18.9274439	-99.2343466
18.8813421	-99.0681795
18.6148497	-99.1806452
18.6148497	-99.1806452
18.6809092	-98.8038661
18.9260202	-99.1793982
18.815093	-98.9541379
18.8987452	-99.162276
18.7537315	-98.7750687
18.8554143	-99.2285053
